0.00591634832010971
0.00856760374832664
0.00192640480621674
0.00385933979821726
0.00681098377248833
0.00214190093708166
0.00152806347340582
0.00342834753648741
0.00112972214059490
0.000881575080811049
0.00654324615535312
0.0225944428118980
0.00427727168837953
0.0134195317856793
0.0197734025533026
0.0212557547262220
0.00278838932967643
0.0128579358082738
0.0280797988702779
0.0476311751069318
0.00213537075129787
0.00649753485486662
0.00543964475789336
0.00122114474156790
0.00782969275475887
0.00303653638946028
0.00462990172070395
0.0279622555261697
0.00291899304535214
0.0153067554771933
0.00331733437816306
0.0160511966565449
0.00588369739119078
0.00335651549286577
0.00734645900675874
0.00576615404708264
0.00982139941881347
0.000711790250432625
0.0395206843634701
0.0109119404447057
0.0192183367616809
0.0112972214059490
0.00226597446697359
0.0103372840957325
0.000816273222973193
0.0120155418421654
0.000228556502432494
0.0150455480458419
0.000437522447513632
0.00254677245567636
0.00261860449929801
0.000502824305351487
0.00496294119567702
0.00421196983054168
0.00172396904691938
0.0103111633525974
0.00514578639762301
0.0168674698795181
0.0155744930943285
0.0163058739021125
0.00703301008913704
0.00127991641362197
0.0101544388937865
0.0140529598067065
0.0187220426421132
0.0113559930780031
0.00300388546054135
0.000417931890162275
0.00246841022627094
0.00557677865935286
0.00140398994351389
0.00562902014562314
0.00705260064648839
0.0136284977307604
0.0166715643060045
0.0135436053155712
0.00374179645410912
0.00441440558983903
0.00387893035556862
0.00421196983054168
0.00207006889346002
0.00991935220557025
0.0116825023671923
0.0198125836680054
