59.5111111111111
60.2222222222222
24.2222222222222
35.8222222222222
13.5111111111111
24.5333333333333
27.8666666666667
47.3333333333333
64.1777777777778
23.9111111111111
63.2888888888889
52.5333333333333
45.0666666666667
16.3111111111111
49.2888888888889
44.6222222222222
22.2222222222222
24
18.4888888888889
10.5333333333333
31.2888888888889
24.0888888888889
30.6222222222222
32.5777777777778
30.2666666666667
39.0222222222222
38.8888888888889
48.2222222222222
26.7555555555556
39.3333333333333
43.2444444444445
30.1333333333333
70.5777777777778
72.8444444444445
13.2444444444444
17.7777777777778
17.4666666666667
2.04444444444444
24.3111111111111
8.40000000000000
2.53333333333333
28.0888888888889
56.8000000000000
57.0222222222222
17.6000000000000
39.7777777777778
11.0666666666667
33.5111111111111
39.2888888888889
43.1555555555556
80.4888888888889
19.6888888888889
49.6000000000000
44.8888888888889
50
24.7555555555556
74.2666666666667
67.2888888888889
3.11111111111111
31.4666666666667
27.2444444444444
12.6666666666667
6.13333333333333
30.0888888888889
32.2666666666667
30.0888888888889
32.0444444444444
36.2222222222222
41.5111111111111
42.8444444444444
22.2666666666667
46.3555555555556
48.1777777777778
17.9555555555556
67.7777777777778
67.6888888888889
21.6444444444444
13.8666666666667
21.9111111111111
5.02222222222222
15.9111111111111
9.20000000000000
2.84444444444444
